99
6 2 0 2 0 2 0
3 1 0 2 0 0 0
3 1 0 0 0 2 0
3 0 0 3 0 0 0
5 2 0 2 0 1 0
898 186 0 412 0 300 0
804 250 0 209 0 345 0
298 13 0 89 0 196 0
999 0 0 500 0 499 0
439 136 0 200 0 103 0
225 43 0 78 0 104 0
68 25 0 12 0 31 0
922 419 0 384 0 119 0
555 417 0 61 0 77 0
648 181 0 247 0 220 0
585 250 0 145 0 190 0
1000 499 0 1 0 500 0
376 168 0 89 0 119 0
339 69 0 144 0 126 0
1000 250 0 500 0 250 0
21 8 0 9 0 4 0
337 90 0 134 0 113 0
4 0 0 2 0 2 0
427 117 0 148 0 162 0
999 499 0 1 0 499 0
4 1 0 2 0 1 0
74 28 0 37 0 9 0
36 14 0 18 0 4 0
976 392 0 323 0 261 0
559 151 0 146 0 262 0
687 111 0 248 0 328 0
1000 501 0 0 0 499 0
314 119 0 42 0 153 0
814 210 0 306 0 298 0
6 3 0 0 0 3 0
612 101 0 214 0 297 0
640 6 0 541 0 93 0
512 169 0 198 0 145 0
123 54 0 3 0 66 0
4 1 0 1 0 2 0
407 134 0 156 0 117 0
144 63 0 68 0 13 0
842 70 0 416 0 356 0
316 113 0 131 0 72 0
580 260 0 183 0 137 0
882 103 0 353 0 426 0
868 429 0 356 0 83 0
634 161 0 178 0 295 0
999 250 0 499 0 250 0
590 201 0 172 0 217 0
481 141 0 101 0 239 0
5 1 0 3 0 1 0
699 169 0 209 0 321 0
11 5 0 3 0 3 0
1000 500 0 0 0 500 0
52 26 0 24 0 2 0
241 54 0 75 0 112 0
890 360 0 220 0 310 0
736 134 0 355 0 247 0
738 270 0 236 0 232 0
4 2 0 2 0 0 0
172 1 0 161 0 10 0
328 110 0 143 0 75 0
884 390 0 139 0 355 0
473 242 0 133 0 98 0
3 1 0 1 0 1 0
999 249 0 500 0 250 0
284 110 0 113 0 61 0
5 2 0 3 0 0 0
553 225 0 182 0 146 0
293 107 0 119 0 67 0
761 362 0 262 0 137 0
348 97 0 101 0 150 0
619 260 0 84 0 275 0
75 8 0 38 0 29 0
59 14 0 17 0 28 0
388 31 0 189 0 168 0
804 214 0 134 0 456 0
690 204 0 337 0 149 0
4 0 0 3 0 1 0
45 5 0 19 0 21 0
380 52 0 173 0 155 0
1000 333 0 333 0 334 0
894 418 0 335 0 141 0
999 333 0 333 0 333 0
560 225 0 98 0 237 0
193 72 0 92 0 29 0
41 19 0 7 0 15 0
777 422 0 161 0 194 0
6 3 0 2 0 1 0
918 404 0 456 0 58 0
847 305 0 387 0 155 0
7 3 0 2 0 2 0
620 172 0 141 0 307 0
824 108 0 373 0 343 0
161 37 0 51 0 73 0
4 2 0 1 0 1 0
954 320 0 249 0 385 0
506 11 0 175 0 320 0
